5
8
9
12
13
14
17
21
24
25
26
34
35
39
40
43
45
45
45
46
47
48
49
50
65
70
71
79
79
86
98
99
105
105
109
109
114
114
116
118
119
120
120
127
128
134
139
148
149
151
153
155
155
158
161
164
166
174
174
177
178
179
182
184
184
185
185
188
190
195
195
198
199
208
208
209
210
215
218
220
227
235
237
244
248
250
250
256
260
265
267
277
279
279
281
281
283
288
291
292
294
300
301
305
306
308
309
325
327
333
333
343
345
346
352
353
354
354
357
365
367
367
368
368
371
374
375
376
382
385
387
391
391
393
396
399
403
408
410
410
418
423
429
439
445
448
448
453
453
462
463
469
476
481
483
486
487
489
490
493
497
501
502
503
507
513
513
513
518
518
518
520
521
526
528
530
531
531
534
540
541
543
545
546
547
547
548
549
550
552
553
556
561
567
573
577
587
587
588
590
594
594
596
596
596
597
599
599
607
609
611
613
614
622
623
625
630
631
633
638
643
645
648
649
649
650
655
658
660
663
667
668
673
677
678
680
683
684
686
688
690
690
695
699
701
704
705
719
720
729
732
734
734
735
736
737
744
744
745
746
755
758
759
761
765
766
767
772
774
776
778
786
789
791
793
795
796
803
804
807
812
825
832
836
838
844
845
856
863
864
866
872
874
876
877
885
904
904
906
909
918
921
928
934
936
936
938
945
946
947
948
951
958
960
960
965
971
975
976
976
989
992
995
996
996
998
998
998
1002
1009
1012
1013
1013
1024
1025
1026
1034
1039
1039
1044
1047
1049
1052
1057
1061
1064
1070
1077
1082
1085
1085
1088
1089
1090
1097
1106
1113
1122
1124
1126
1131
1133
1135
1135
1138
1138
1142
1143
1144
1145
1147
1148
1154
1157
1158
1158
1160
1161
1162
1163
1173
1173
1174
1174
1177
1178
1185
1186
1193
1194
1195
1197
1205
1208
1209
1210
1212
1212
1217
1219
1221
1221
1222
1223
1224
1230
1232
1234
1235
1235
1240
1241
1246
1247
1253
1264
1267
1270
1273
1279
1282
1283
1286
1302
1304
1308
1308
1309
1312
1320
1321
1322
1322
1328
1329
1331
1332
1332
1333
1344
1349
1351
1352
1357
1357
1365
1369
1373
1374
1378
1385
1390
1391
1393
1393
1394
1397
1400
1410
1410
1416
1417
1417
1418
1420
1428
1430
1436
1437
1441
1441
1443
1446
1461
1461
1468
1469
1474
1480
1485
1488
1490
1494
1506
1507
1514
1517
1517
1520
1527
1528
1542
1549
1553
1554
1554
1560
1561
1563
1566
1566
1568
1570
1571
1574
1576
1578
1583
1587
1590
1595
1596
1605
1614
1615
1616
1619
1620
1625
1627
1634
1634
1642
1653
1655
1656
1656
1659
1661
1665
1670
1671
1675
1676
1682
1689
1693
1693
1698
1701
1706
1706
1707
1713
1715
1717
1719
1722
1722
1723
1725
1725
1732
1735
1738
1744
1748
1751
1751
1755
1757
1760
1762
1763
1764
1767
1768
1770
1773
1774
1774
1774
1774
1775
1783
1783
1786
1788
1798
1801
1804
1804
1808
1812
1812
1813
1819
1821
1827
1832
1832
1833
1842
1843
1844
1848
1848
1856
1857
1859
1860
1860
1860
1861
1863
1864
1865
1871
1889
1891
1893
1894
1900
1901
1906
1907
1922
1923
1926
1935
1945
1946
1947
1949
1950
1952
1956
1959
1959
1965
1969
1976
1978
1984
1990
1995
1997
1999
2001
2003
2008
2010
2011
2015
2017
2019
2020
2022
2027
2034
2035
2036
2038
2040
2041
2044
2046
2054
2065
2068
2072
2079
2085
2087
2095
2096
2103
2109
2111
2117
2117
2121
2128
2128
2133
2138
2139
2142
2142
2142
2145
2146
2150
2155
2160
2165
2165
2178
2179
2180
2183
2186
2187
2188
2190
2192
2198
2199
2215
2217
2218
2223
2223
2227
2227
2231
2243
2246
2247
2247
2250
2252
2259
2264
2265
2265
2265
2271
2271
2272
2274
2274
2275
2279
2279
2282
2283
2285
2286
2287
2290
2294
2294
2297
2297
2301
2302
2306
2306
2306
2326
2327
2329
2331
2337
2351
2351
2353
2358
2362
2366
2366
2367
2371
2373
2377
2380
2382
2382
2383
2385
2387
2389
2396
2397
2399
2404
2409
2410
2411
2419
2423
2424
2425
2426
2427
2432
2433
2433
2435
2447
2447
2452
2452
2453
2454
2457
2461
2462
2466
2474
2482
2486
2486
2493
2497
2500
2505
2506
2508
2510
2511
2526
2539
2546
2555
2556
2561
2563
2567
2569
2571
2574
2578
2578
2587
2597
2599
2604
2604
2605
2609
2613
2616
2618
2620
2620
2624
2630
2635
2638
2642
2647
2651
2654
2662
2669
2674
2674
2680
2684
2685
2688
2695
2697
2701
2703
2710
2725
2729
2732
2733
2734
2735
2736
2740
2749
2754
2759
2765
2769
2774
2774
2776
2777
2777
2778
2783
2784
2784
2785
2789
2790
2792
2793
2793
2802
2802
2804
2815
2817
2830
2834
2836
2839
2840
2847
2848
2852
2853
2854
2855
2855
2856
2858
2858
2862
2872
2876
2878
2881
2884
2891
2894
2895
2896
2896
2898
2898
2898
2899
2901
2901
2903
2907
2908
2909
2914
2914
2917
2919
2919
2925
2930
2931
2933
2934
2934
2935
2936
2944
2948
2949
2950
2950
2961
2963
2965
2969
2969
2970
2972
2975
2975
2977
2977
2977
2984
2988
2989
3003
3005
3009
3011
3019
3021
3034
3036
3037
3043
3047
3059
3062
3065
3069
3073
3076
3079
3082
3084
3087
3089
3094
3095
3103
3106
3106
3106
3108
3111
3117
3120
3124
3129
3129
3133
3135
3136
3141
3147
3149
3155
3156
3158
3164
3169
3170
3172
3175
3177
3178
3181
3182
3182
3186
3195
3195
3195
3200
3200
3208
3209
3211
3212
3213
3221
3231
3232
3235
3238
3243
3249
3250
3257
3258
3265
3267
3267
3270
3277
3280
3281
3289
3290
3291
3295
3295
3297
3306
3313
3316
3316
3316
3317
3317
3318
3322
3326
3336
3337
3339
3341
3342
3357
3359
3359
3361
3363
3364
3364
3367
3370
3372
3379
3393
3395
3401
3402
3405
3408
3408
3410
3411
3412
3415
3419
3419
3421
3421
3422
3429
3431
3438
3446
3447
3449
3451
3451
3452
3452
3454
3455
3456
3459
3461
3463
3468
3469
3478
3479
3483
3487
3487
3490
3491
3491
3496
3497
3502
3503
3504
3504
3512
3512
3513
3515
3516
3519
3519
3523
3530
3531
3531
3531
3531
3531
3533
3534
3539
3540
3542
3542
3546
3547
3547
3549
3550
3550
3568
3568
3570
3571
3573
3574
3577
3579
3581
3586
3589
3590
3593
3597
3598
3606
3609
3614
3616
3622
3625
3626
3627
3628
3633
3635
3637
3646
3651
3651
3652
3653
3653
3655
3656
3657
3661
3661
3668
3669
3670
3671
3676
3677
3677
3691
3695
3702
3703
3704
3706
3708
3715
3716
3718
3721
3721
3722
3722
3723
3725
3726
3726
3729
3734
3735
3736
3739
3740
3741
3744
3748
3749
3755
3755
3761
3761
3762
3766
3772
3775
3778
3783
3785
3787
3788
3792
3797
3807
3810
3812
3816
3819
3819
3820
3823
3825
3828
3829
3837
3837
3840
3845
3849
3865
3870
3875
3875
3878
3879
3879
3889
3895
3901
3901
3902
3906
3909
3915
3915
3917
3926
3937
3946
3947
3947
3955
3960
3974
3993
3996
3998
3999
4002
4004
4006
4009
4009
4010
4015
4018
4018
4020
4027
4029
4034
4038
4040
4046
4050
4054
4055
4056
4056
4057
4058
4061
4065
4065
4069
4070
4073
4073
4074
4074
4076
4077
4081
4085
4086
4088
4090
4092
4094
4097
4098
4099
4105
4110
4111
4113
4116
4118
4123
4125
4127
4131
4131
4131
4136
4141
4142
4145
4146
4156
4157
4157
4163
4165
4174
4177
4177
4178
4186
4192
4193
4196
4196
4198
4198
4199
4199
4200
4202
4203
4208
4210
4211
4213
4218
4221
4222
4229
4230
4232
4236
4238
4254
4256
4258
4258
4262
4264
4264
4266
4267
4274
4277
4279
4280
4280
4281
4282
4284
4289
4291
4297
4298
4301
4304
4305
4310
4312
4315
4320
4320
4322
4323
4325
4326
4326
4330
4335
4338
4343
4352
4355
4357
4358
4361
4363
4364
4365
4367
4369
4374
4374
4375
4377
4377
4390
4395
4397
4402
4403
4403
4409
4412
4414
4415
4417
4419
4420
4423
4425
4425
4426
4428
4430
4435
4437
4439
4440
4449
4457
4459
4460
4467
4470
4470
4473
4477
4478
4480
4480
4483
4483
4487
4493
4496
4502
4507
4508
4512
4513
4514
4516
4517
4520
4524
4532
4534
4535
4543
4550
4550
4551
4558
4559
4561
4565
4566
4570
4574
4582
4585
4590
4600
4608
4610
4611
4613
4619
4620
4622
4627
4627
4630
4634
4642
4642
4652
4654
4657
4659
4659
4661
4661
4662
4662
4674
4678
4679
4681
4688
4694
4698
4699
4708
4710
4711
4716
4727
4732
4733
4733
4737
4741
4744
4744
4749
4758
4761
4767
4772
4774
4775
4776
4779
4782
4785
4790
4792
4795
4797
4799
4800
4801
4808
4809
4812
4814
4816
4823
4824
4825
4825
4829
4830
4833
4837
4838
4844
4847
4848
4857
4860
4868
4868
4868
4870
4873
4878
4880
4881
4894
4898
4899
4899
4909
4914
4915
4916
4918
4923
4924
4927
4928
4933
4935
4935
4941
4945
4949
4950
4951
4958
4972
4976
4979
4982
4989
4991
4993
4996
4997
5004
5006
5012
5024
5024
5028
5031
5040
5048
5055
5055
5057
5059
5059
5064
5065
5066
5067
5078
5078
5080
5086
5086
5091
5096
5100
5103
5104
5106
5107
5110
5113
5114
5114
5117
5120
5122
5128
5132
5133
5133
5135
5136
5138
5141
5142
5148
5149
5156
5156
5158
5159
5166
5176
5177
5178
5180
5181
5181
5184
5185
5191
5192
5192
5196
5197
5202
5202
5204
5225
5232
5239
5239
5240
5241
5252
5257
5263
5267
5267
5270
5273
5274
5274
5275
5276
5287
5287
5298
5298
5299
5300
5304
5312
5314
5318
5324
5326
5336
5336
5339
5340
5344
5345
5346
5347
5348
5353
5356
5367
5367
5369
5371
5377
5383
5385
5392
5392
5392
5394
5394
5394
5398
5402
5403
5405
5408
5412
5414
5415
5418
5420
5424
5426
5429
5432
5433
5440
5441
5446
5446
5446
5447
5450
5452
5454
5454
5456
5458
5458
5460
5465
5467
5468
5469
5473
5480
5481
5482
5483
5486
5493
5494
5498
5502
5503
5511
5513
5518
5525
5538
5539
5548
5555
5570
5574
5577
5578
5583
5584
5594
5596
5597
5603
5604
5604
5608
5608
5610
5610
5614
5616
5625
5627
5629
5629
5630
5638
5647
5648
5648
5649
5651
5658
5660
5663
5664
5667
5670
5672
5677
5678
5678
5686
5690
5690
5708
5718
5719
5721
5728
5735
5736
5736
5739
5743
5747
5749
5753
5757
5761
5764
5765
5765
5766
5768
5784
5787
5788
5791
5795
5796
5797
5798
5801
5803
5806
5807
5811
5814
5823
5826
5829
5832
5834
5834
5836
5839
5842
5843
5850
5851
5851
5852
5853
5856
5857
5863
5863
5864
5870
5870
5882
5882
5888
5896
5898
5899
5904
5909
5912
5914
5915
5916
5917
5918
5920
5926
5927
5930
5932
5932
5940
5942
5950
5952
5953
5954
5958
5961
5961
5961
5963
5964
5966
5968
5969
5975
5977
5978
5984
5986
5993
5993
5996
5999
6008
6008
6013
6014
6014
6016
6018
6018
6019
6020
6020
6021
6021
6034
6034
6040
6041
6042
6043
6044
6051
6053
6054
6055
6063
6063
6065
6070
6070
6073
6074
6080
6083
6086
6089
6089
6092
6093
6094
6096
6101
6103
6105
6106
6108
6109
6110
6112
6115
6118
6119
6119
6122
6127
6131
6131
6135
6136
6141
6141
6142
6144
6144
6145
6146
6148
6148
6148
6151
6155
6156
6156
6164
6175
6178
6179
6179
6184
6185
6187
6191
6196
6197
6198
6213
6214
6214
6222
6227
6227
6228
6228
6229
6232
6234
6235
6235
6242
6259
6262
6280
6284
6284
6286
6292
6294
6295
6295
6296
6299
6302
6308
6312
6312
6313
6319
6319
6321
6323
6326
6330
6330
6339
6339
6339
6340
6342
6342
6344
6347
6347
6350
6353
6357
6359
6359
6360
6363
6367
6369
6376
6376
6378
6378
6380
6381
6390
6393
6398
6400
6400
6405
6407
6413
6413
6416
6437
6438
6441
6450
6450
6451
6452
6457
6457
6458
6460
6461
6462
6464
6465
6476
6477
6480
6481
6484
6490
6492
6495
6495
6500
6505
6507
6514
6520
6520
6521
6526
6527
6527
6529
6538
6542
6543
6548
6548
6549
6554
6561
6572
6577
6578
6588
6592
6596
6599
6599
6603
6604
6611
6618
6618
6622
6624
6627
6629
6641
6641
6643
6644
6648
6650
6652
6653
6653
6654
6657
6666
6677
6679
6681
6685
6685
6687
6687
6689
6694
6698
6700
6706
6709
6715
6716
6719
6722
6722
6723
6723
6728
6730
6730
6738
6740
6740
6745
6748
6752
6753
6755
6757
6758
6758
6764
6767
6768
6768
6770
6770
6774
6774
6776
6779
6779
6780
6780
6782
6783
6783
6784
6790
6795
6799
6802
6810
6813
6818
6820
6821
6823
6823
6826
6827
6835
6838
6838
6843
6849
6850
6851
6851
6855
6857
6860
6865
6876
6877
6877
6880
6883
6887
6888
6890
6890
6899
6901
6904
6904
6905
6906
6907
6908
6911
6912
6914
6918
6920
6920
6928
6932
6935
6938
6940
6941
6941
6942
6943
6950
6961
6962
6964
6968
6969
6971
6972
6973
6985
6986
6988
6989
6991
6992
6994
7003
7003
7004
7006
7007
7007
7009
7015
7016
7016
7017
7017
7018
7019
7025
7033
7034
7038
7039
7042
7052
7053
7055
7056
7069
7071
7072
7072
7077
7083
7089
7090
7091
7091
7094
7098
7099
7102
7104
7105
7111
7116
7120
7121
7121
7124
7126
7128
7134
7135
7137
7140
7141
7144
7149
7149
7151
7151
7152
7153
7157
7163
7163
7165
7166
7170
7170
7172
7172
7174
7183
7186
7186
7189
7189
7189
7193
7195
7200
7203
7206
7212
7221
7222
7226
7227
7229
7234
7235
7236
7239
7240
7242
7245
7248
7248
7253
7254
7265
7266
7272
7277
7280
7280
7282
7288
7292
7295
7303
7305
7314
7316
7320
7322
7322
7326
7326
7327
7329
7333
7334
7334
7335
7337
7346
7362
7366
7368
7368
7368
7371
7373
7382
7384
7387
7398
7399
7406
7412
7412
7430
7431
7432
7436
7438
7447
7453
7456
7457
7464
7464
7469
7479
7482
7483
7484
7485
7489
7491
7493
7501
7503
7508
7511
7515
7520
7522
7523
7524
7525
7527
7528
7530
7530
7530
7537
7538
7540
7553
7554
7556
7556
7556
7558
7563
7566
7570
7571
7576
7579
7583
7585
7589
7589
7589
7597
7598
7606
7606
7607
7608
7610
7614
7614
7617
7625
7629
7632
7635
7640
7646
7648
7650
7651
7651
7657
7657
7660
7661
7661
7662
7662
7664
7665
7667
7667
7670
7671
7673
7674
7678
7681
7689
7696
7698
7703
7704
7706
7708
7714
7720
7723
7723
7725
7725
7733
7733
7734
7734
7735
7736
7740
7744
7746
7750
7750
7752
7752
7762
7773
7775
7780
7780
7783
7784
7788
7790
7794
7796
7801
7801
7802
7819
7823
7827
7832
7833
7833
7834
7849
7852
7854
7856
7858
7861
7861
7863
7868
7873
7875
7882
7885
7886
7890
7896
7897
7905
7906
7907
7911
7912
7914
7917
7925
7926
7927
7933
7935
7939
7942
7942
7943
7955
7962
7968
7971
7975
7977
7979
7987
7987
7987
7994
7994
7995
7996
7997
8005
8007
8007
8007
8014
8014
8019
8023
8024
8025
8025
8026
8028
8032
8034
8035
8037
8040
8042
8047
8052
8060
8061
8063
8068
8077
8080
8081
8086
8087
8091
8092
8095
8095
8097
8106
8116
8122
8123
8129
8135
8136
8137
8139
8141
8147
8149
8162
8163
8165
8167
8172
8173
8176
8181
8184
8187
8188
8201
8205
8206
8208
8208
8213
8213
8215
8215
8215
8216
8218
8224
8228
8232
8232
8233
8236
8238
8240
8241
8246
8246
8246
8247
8249
8251
8255
8257
8261
8262
8262
8267
8270
8271
8275
8277
8279
8280
8280
8284
8284
8289
8290
8296
8297
8298
8298
8304
8305
8305
8309
8310
8310
8318
8327
8327
8328
8330
8334
8337
8340
8341
8342
8344
8352
8353
8358
8361
8366
8367
8368
8369
8370
8371
8372
8376
8377
8381
8383
8384
8386
8391
8393
8393
8396
8401
8403
8403
8406
8408
8409
8410
8414
8416
8419
8421
8422
8422
8430
8443
8448
8449
8451
8453
8454
8459
8464
8465
8475
8485
8490
8495
8517
8519
8522
8522
8527
8528
8529
8530
8530
8531
8532
8536
8537
8542
8546
8549
8559
8559
8561
8565
8568
8568
8568
8572
8575
8578
8580
8580
8588
8591
8593
8595
8598
8602
8604
8605
8609
8611
8611
8612
8612
8615
8620
8632
8633
8636
8638
8639
8641
8641
8644
8646
8654
8654
8655
8656
8665
8667
8669
8676
8680
8691
8697
8702
8711
8712
8714
8714
8724
8725
8725
8729
8734
8736
8740
8740
8741
8743
8745
8752
8752
8756
8756
8762
8766
8767
8778
8785
8786
8786
8787
8788
8789
8795
8795
8802
8808
8810
8811
8818
8822
8832
8840
8840
8841
8841
8843
8845
8846
8851
8860
8863
8877
8881
8882
8883
8887
8889
8895
8898
8899
8901
8902
8909
8911
8913
8914
8919
8924
8928
8933
8938
8945
8950
8950
8954
8955
8957
8958
8968
8971
8986
8993
8997
9007
9011
9023
9026
9026
9040
9045
9046
9052
9055
9056
9056
9065
9065
9066
9067
9068
9075
9075
9078
9078
9087
9091
9092
9096
9096
9102
9104
9104
9108
9109
9111
9114
9118
9120
9129
9132
9134
9143
9144
9146
9151
9164
9166
9166
9168
9172
9177
9180
9184
9190
9192
9196
9198
9205
9205
9205
9213
9218
9219
9221
9224
9226
9227
9228
9233
9233
9234
9235
9237
9240
9244
9247
9248
9253
9256
9260
9262
9265
9265
9265
9267
9272
9273
9274
9277
9279
9282
9283
9285
9289
9290
9296
9302
9302
9302
9304
9309
9309
9309
9317
9317
9317
9318
9320
9321
9321
9327
9327
9328
9335
9338
9340
9340
9343
9346
9349
9351
9354
9354
9359
9364
9367
9371
9374
9375
9376
9386
9388
9389
9392
9407
9407
9408
9411
9413
9413
9413
9415
9419
9424
9425
9432
9436
9436
9441
9446
9447
9448
9451
9453
9457
9457
9462
9470
9474
9478
9486
9494
9502
9503
9505
9509
9511
9514
9519
9521
9530
9531
9532
9532
9533
9536
9542
9545
9546
9552
9556
9559
9566
9568
9574
9578
9580
9583
9591
9592
9592
9593
9598
9612
9613
9618
9619
9620
9622
9623
9624
9634
9636
9638
9639
9640
9641
9643
9646
9647
9648
9649
9650
9654
9654
9658
9659
9660
9662
9665
9666
9667
9667
9670
9671
9672
9673
9677
9682
9685
9686
9689
9695
9700
9701
9702
9706
9707
9707
9709
9716
9717
9725
9726
9727
9729
9730
9730
9731
9742
9748
9754
9755
9759
9759
9761
9764
9773
9775
9781
9782
9789
9791
9796
9797
9800
9800
9800
9812
9820
9820
9821
9823
9824
9835
9837
9837
9837
9839
9843
9846
9847
9850
9851
9855
9856
9857
9858
9858
9864
9868
9872
9873
9874
9877
9878
9880
9882
9884
9885
9888
9899
9905
9905
9909
9914
9918
9919
9919
9920
9923
9924
9924
9924
9935
9944
9949
9954
9965
9966
9968
9973
9974
9975
9977
9982
9984
9985
9990
9991
9992
9995
10000
10000
10002
10004
10004
10011
10025
10025
10027
10032
10036
10037
10040
10040
10045
10051
10051
10062
10068
10072
10074
10074
10080
10080
10081
10082
10084
10085
10085
10086
10088
10088
10092
10098
10106
10111
10114
10120
10122
10123
10124
10126
10130
10132
10133
10133
10136
10139
10143
10143
10145
10147
10147
10150
10151
10158
10160
10163
10165
10170
10170
10172
10175
10176
10176
10178
10180
10182
10184
10185
10186
10189
10191
10191
10197
10200
10209
10211
10213
10216
10226
10226
10227
10229
10231
10233
10235
10237
10238
10243
10245
10252
10253
10254
10256
10257
10258
10264
10264
10268
10272
10273
10273
10274
10284
10286
10287
10290
10292
10294
10300
10303
10303
10313
10314
10316
10317
10322
10325
10327
10332
10334
10338
10340
10343
10347
10351
10354
10356
10371
10372
10374
10374
10376
10389
10389
10391
10401
10402
10419
10424
10426
10427
10429
10430
10435
10436
10437
10438
10443
10454
10457
10474
10483
10486
10488
10489
10493
10495
10498
10498
10507
10513
10519
10521
10523
10525
10532
10533
10534
10540
10540
10541
10547
10553
10553
10555
10556
10556
10557
10558
10560
10566
10574
10581
10583
10585
10587
10590
10594
10595
10595
10609
10610
10613
10614
10618
10618
10625
10626
10627
10629
10632
10633
10635
10641
10643
10647
10655
10656
10658
10658
10661
10663
10665
10668
10672
10674
10675
10679
10681
10687
10689
10693
10696
10697
10697
10701
10706
10712
10714
10715
10719
10722
10740
10746
10752
10752
10758
10761
10764
10766
10766
10768
10768
10774
10778
10781
10782
10783
10793
10796
10800
10811
10815
10820
10820
10821
10822
10823
10825
10826
10834
10835
10836
10840
10841
10842
10842
10843
10845
10846
10848
10849
10852
10853
10854
10855
10855
10864
10864
10872
10872
10874
10876
10878
10880
10883
10889
10891
10894
10903
10905
10905
10919
10919
10926
10927
10930
10933
10935
10942
10943
10944
10945
10953
10958
10958
10958
10960
10965
10966
10967
10970
10971
10975
10984
10988
10991
11004
11004
11009
11009
11009
11020
11025
11026
11027
11029
11030
11033
11035
11043
11043
11044
11046
11054
11060
11063
11064
11073
11077
11078
11079
11080
11083
11083
11086
11092
11095
11096
11098
11098
11102
11105
11117
11118
11119
11121
11122
11125
11127
11127
11128
11141
11142
11150
11151
11164
11165
11179
11182
11185
11186
11189
11189
11189
11192
11193
11197
11199
11204
11212
11215
11215
11215
11217
11218
11219
11222
11225
11229
11230
11231
11235
11236
11239
11242
11243
11246
11247
11249
11251
11253
11254
11255
11256
11257
11259
11264
11267
11273
11274
11274
11275
11276
11277
11278
11280
11280
11284
11289
11290
11291
11291
11293
11293
11296
11297
11301
11303
11304
11305
11306
11313
11313
11314
11324
11324
11325
11331
11332
11333
11342
11346
11353
11354
11356
11357
11359
11363
11363
11366
11366
11373
11373
11375
11375
11378
11379
11379
11384
11390
11393
11394
11400
11400
11403
11406
11409
11415
11415
11418
11419
11422
11425
11429
11433
11438
11444
11446
11449
11451
11451
11454
11457
11467
11469
11473
11479
11479
11487
11487
11488
11488
11494
11498
11498
11501
11503
11504
11505
11507
11515
11515
11515
11518
11522
11524
11524
11527
11533
11537
11544
11550
11555
11557
11558
11558
11559
11561
11563
11565
11566
11568
11568
11571
11575
11581
11583
11588
11591
11592
11594
11595
11599
11601
11601
11605
11608
11616
11624
11624
11625
11625
11626
11626
11629
11638
11639
11639
11644
11650
11651
11654
11657
11657
11658
11658
11659
11664
11674
11675
11680
11685
11689
11690
11692
11698
11699
11700
11700
11702
11703
11708
11713
11717
11720
11723
11723
11729
11730
11732
11735
11744
11748
11751
11752
11753
11757
11764
11764
11765
11770
11775
11779
11788
11793
11796
11797
11801
11805
11809
11810
11811
11812
11821
11822
11823
11823
11825
11825
11832
11833
11837
11840
11844
11845
11849
11854
11861
11865
11865
11871
11872
11881
11883
11883
11888
11889
11889
11898
11902
11904
11906
11910
11923
11924
11924
11927
11927
11928
11936
11937
11941
11941
11942
11947
11947
11950
11950
11954
11959
11963
11965
11966
11967
11968
11969
11970
11970
11985
11989
11989
11990
11991
11995
11996
11998
12000
12001
12002
12008
12010
12013
12015
12016
12017
12027
12035
12039
12044
12053
12058
12059
12061
12065
12067
12068
12069
12070
12074
12079
12086
12088
12089
12091
12096
12100
12103
12104
12105
12105
12113
12114
12114
12124
12125
12128
12136
12138
12142
12143
12144
12144
12146
12162
12163
12163
12164
12165
12173
12177
12178
12181
12183
12183
12194
12197
12199
12201
12201
12204
12208
12209
12213
12214
12217
12220
12221
12223
12227
12230
12232
12233
12235
12235
12237
12239
12241
12243
12244
12245
12254
12257
12261
12264
12270
12273
12274
12275
12275
12275
12282
12282
12286
12286
12286
12299
12300
12302
12303
12304
12305
12307
12307
12307
12309
12311
12315
12315
12317
12318
12322
12322
12323
12325
12326
12326
12330
12338
12340
12344
12346
12347
12347
12351
12353
12355
12359
12360
12361
12371
12376
12378
12380
12381
12385
12388
12388
12388
12389
12393
12398
12398
12407
12407
12409
12413
12418
12420
12423
12424
12425
12429
12438
12439
12442
12447
12448
12449
12449
12453
12455
12455
12461
12461
12463
12464
12464
12468
12470
12470
12471
12471
12472
12476
12478
12479
12480
12480
12484
12485
12490
12492
12500
12503
12503
12505
12507
12511
12511
12513
12515
12517
12518
12522
12522
12528
12529
12529
12533
12538
12543
12546
12548
12550
12552
12559
12561
12562
12579
12588
12590
12591
12593
12609
12613
12626
12627
12627
12628
12632
12633
12634
12636
12637
12643
12644
12645
12647
12664
12665
12666
12668
12669
12669
12670
12680
12680
12681
12682
12686
12687
12694
12694
12697
12702
12706
12706
12708
12711
12716
12719
12719
12723
12725
12726
12730
12736
12738
12748
12753
12755
12756
12756
12766
12766
12766
12770
12774
12775
12775
12777
12778
12780
12781
12784
12785
12786
12787
12790
12797
12799
12800
12802
12802
12804
12806
12808
12813
12820
12820
12824
12843
12846
12852
12854
12855
12858
12866
12866
12869
12869
12876
12878
12880
12880
12885
12893
12894
12900
12902
12904
12904
12908
12909
12913
12914
12918
12919
12921
12925
12930
12933
12937
12939
12941
12944
12944
12947
12951
12956
12956
12962
12962
12963
12965
12965
12972
12973
12975
12978
12983
12997
12997
12999
13000
13004
13005
13008
13014
13016
13021
13021
13026
13027
13028
13029
13031
13033
13034
13034
13037
13037
13038
13039
13043
13044
13052
13063
13065
13067
13067
13069
13082
13085
13088
13090
13095
13095
13096
13106
13107
13109
13111
13115
13117
13119
13122
13136
13138
13147
13149
13155
13159
13163
13164
13180
13180
13182
13182
13184
13195
13211
13223
13223
13225
13233
13240
13240
13241
13242
13242
13256
13256
13259
13259
13265
13267
13269
13269
13270
13276
13278
13283
13289
13289
13290
13295
13298
13298
13299
13299
13302
13307
13320
13320
13321
13322
13322
13322
13325
13326
13328
13333
13336
13338
13338
13341
13347
13352
13353
13353
13353
13357
13358
13360
13360
13360
13363
13364
13367
13373
13373
13374
13376
13377
13378
13381
13384
13386
13388
13391
13391
13395
13398
13398
13401
13403
13406
13409
13412
13415
13415
13416
13417
13418
13419
13427
13428
13435
13444
13444
13451
13455
13458
13462
13471
13480
13484
13485
13490
13493
13496
13505
13506
13508
13514
13514
13515
13519
13521
13526
13529
13530
13531
13532
13536
13537
13538
13539
13544
13548
13551
13553
13554
13554
13555
13555
13563
13565
13567
13568
13570
13570
13572
13580
13582
13594
13602
13602
13605
13606
13608
13613
13614
13616
13616
13624
13626
13630
13632
13647
13649
13649
13656
13659
13664
13665
13670
13672
13675
13677
13679
13679
13680
13682
13690
13696
13697
13700
13700
13702
13703
13708
13712
13714
13718
13721
13725
13726
13730
13733
13734
13736
13736
13739
13748
13750
13759
13760
13763
13764
13770
13783
13785
13785
13786
13789
13791
13798
13804
13804
13808
13809
13822
13823
13823
13832
13832
13836
13836
13844
13846
13848
13849
13851
13852
13855
13859
13859
13860
13866
13873
13875
13880
13890
13895
13899
13903
13905
13907
13909
13914
13918
13918
13919
13923
13930
13932
13936
13936
13938
13940
13942
13946
13950
13951
13955
13963
13969
13974
13978
13982
13986
13987
13991
13994
13995
13999
14000
14003
14008
14009
14014
14017
14018
14019
14021
14029
14030
14033
14037
14037
14038
14048
14050
14050
14055
14057
14058
14059
14063
14066
14080
14081
14082
14084
14085
14088
14094
14095
14100
14102
14103
14104
14105
14109
14115
14126
14130
14137
14137
14138
14139
14140
14143
14145
14146
14147
14151
14153
14156
14159
14160
14164
14167
14167
14169
14182
14182
14185
14187
14189
14191
14197
14200
14201
14211
14214
14216
14225
14227
14243
14249
14250
14256
14264
14270
14271
14274
14276
14277
14279
14282
14282
14284
14287
14287
14291
14292
14297
14299
14300
14304
14313
14315
14323
14325
14332
14337
14338
14338
14340
14347
14348
14348
14350
14350
14351
14358
14361
14364
14369
14369
14369
14370
14373
14374
14375
14377
14381
14384
14384
14385
14386
14389
14390
14404
14404
14410
14411
14413
14416
14416
14418
14419
14421
14425
14429
14429
14434
14438
14453
14454
14466
14466
14468
14470
14471
14475
14476
14477
14478
14482
14484
14485
14489
14490
14499
14499
14500
14509
14513
14516
14516
14519
14520
14523
14529
14530
14540
14540
14549
14550
14550
14553
14554
14557
14561
14566
14569
14572
14576
14582
14582
14587
14589
14589
14591
14594
14597
14598
14599
14601
14606
14607
14607
14615
14619
14622
14622
14623
14626
14629
14630
14631
14634
14635
14635
14643
14646
14652
14655
14660
14665
14666
14668
14670
14670
14671
14682
14687
14687
14687
14696
14699
14703
14703
14706
14706
14707
14711
14712
14717
14720
14723
14725
14725
14731
14733
14734
14737
14738
14740
14743
14749
14751
14752
14753
14754
14754
14756
14763
14763
14788
14789
14791
14796
14799
14805
14811
14813
14817
14823
14824
14835
14837
14839
14845
14850
14851
14864
14866
14869
14871
14872
14874
14877
14877
14880
14883
14884
14885
14887
14889
14890
14895
14895
14896
14896
14899
14900
14901
14909
14911
14913
14914
14914
14922
14922
14928
14937
14947
14949
14950
14952
14955
14962
14963
14965
14973
14977
14978
14988
14990
15002
15003
15010
15011
15012
15014
15015
15021
15023
15023
15024
15032
15037
15039
15040
15050
15054
15064
15074
15077
15080
15081
15088
15093
15094
15098
15101
15103
15105
15112
15113
15114
15114
15120
15122
15127
15129
15131
15133
15133
15135
15137
15138
15142
15142
15145
15147
15149
15156
15156
15157
15160
15164
15165
15166
15167
15170
15174
15174
15175
15179
15183
15192
15192
15197
15202
15202
15203
15206
15208
15209
15216
15216
15217
15217
15227
15229
15233
15235
15238
15242
15242
15242
15243
15245
15246
15250
15250
15254
15259
15259
15266
15267
15269
15273
15274
15278
15281
15282
15285
15288
15304
15310
15312
15314
15314
15320
15322
15326
15327
15328
15331
15334
15343
15346
15349
15352
15352
15355
15358
15361
15374
15377
15382
15387
15389
15390
15391
15395
15399
15406
15407
15410
15416
15417
15420
15422
15424
15428
15430
15431
15433
15442
15445
15450
15454
15457
15458
15460
15464
15467
15469
15472
15474
15475
15483
15488
15488
15490
15492
15494
15496
15496
15500
15500
15502
15502
15503
15508
15511
15514
15515
15537
15537
15537
15543
15543
15544
15544
15545
15547
15555
15555
15556
15557
15558
15561
15562
15563
15571
15571
15572
15572
15576
15576
15593
15597
15600
15604
15611
15612
15614
15624
15629
15631
15635
15635
15639
15643
15647
15649
15650
15657
15658
15658
15660
15661
15662
15666
15669
15673
15676
15678
15682
15682
15685
15685
15687
15689
15693
15697
15704
15704
15705
15705
15705
15708
15711
15711
15712
15720
15721
15724
15730
15738
15745
15746
15746
15747
15749
15756
15761
15762
15767
15767
15768
15769
15773
15773
15780
15780
15786
15788
15791
15793
15795
15796
15797
15807
15808
15815
15817
15819
15822
15823
15830
15831
15832
15837
15839
15841
15843
15843
15845
15845
15847
15852
15852
15853
15853
15856
15861
15862
15870
15871
15872
15873
15874
15879
15880
15883
15884
15885
15888
15888
15890
15895
15899
15905
15908
15908
15909
15911
15913
15914
15921
15923
15925
15929
15931
15931
15931
15932
15938
15939
15940
15940
15949
15951
15951
15953
15953
15954
15963
15963
15968
15970
15972
15974
15976
15978
15979
15990
15991
15994
15998
15999
15999
16004
16007
16018
16019
16021
16022
16023
16026
16030
16035
16037
16043
16046
16046
16046
16051
16062
16063
16064
16065
16070
16070
16078
16089
16093
16098
16102
16104
16105
16105
16115
16122
16130
16130
16133
16138
16141
16141
16142
16144
16148
16149
16153
16166
16170
16172
16180
16181
16184
16191
16201
16205
16205
16214
16216
16216
16218
16219
16221
16223
16234
16236
16237
16240
16241
16244
16244
16248
16252
16253
16254
16261
16264
16264
16270
16270
16271
16272
16283
16286
16292
16296
16299
16299
16306
16315
16318
16321
16333
16334
16339
16348
16350
16351
16356
16357
16357
16357
16363
16366
16369
16370
16370
16375
16375
16376
16379
16385
16385
16389
16390
16393
16395
16399
16403
16404
16414
16415
16418
16420
16421
16425
16428
16431
16431
16432
16434
16437
16440
16443
16443
16445
16445
16445
16447
16450
16452
16454
16459
16462
16473
16475
16475
16477
16477
16480
16481
16482
16484
16487
16492
16492
16502
16511
16513
16515
16521
16522
16522
16523
16523
16524
16532
16532
16533
16538
16543
16544
16545
16550
16551
16559
16560
16562
16563
16574
16575
16580
16580
16584
16584
16589
16597
16598
16599
16599
16601
16606
16607
16610
16613
16627
16627
16630
16637
16649
16657
16658
16661
16669
16678
16680
16681
16683
16685
16685
16694
16694
16698
16702
16704
16709
16710
16712
16712
16714
16718
16719
16731
16738
16741
16743
16744
16751
16753
16754
16756
16758
16764
16765
16769
16771
16775
16778
16780
16793
16794
16799
16802
16802
16806
16809
16812
16824
16828
16828
16828
16830
16833
16845
16847
16849
16850
16859
16861
16863
16872
16874
16882
16883
16883
16886
16887
16891
16892
16894
16900
16900
16900
16906
16906
16907
16908
16911
16915
16923
16925
16927
16932
16937
16941
16944
16946
16952
16953
16953
16959
16968
16968
16970
16971
16973
16981
16983
16988
16989
16990
16992
16993
17001
17002
17004
17005
17012
17015
17028
17028
17029
17030
17037
17041
17043
17043
17045
17046
17051
17054
17062
17064
17066
17068
17072
17076
17076
17078
17079
17081
17085
17091
17095
17103
17107
17112
17118
17120
17129
17132
17135
17137
17139
17140
17147
17149
17150
17150
17150
17153
17153
17161
17170
17170
17171
17172
17172
17175
17184
17186
17190
17191
17192
17195
17199
17210
17211
17215
17216
17217
17218
17219
17226
17227
17228
17229
17230
17231
17237
17245
17251
17258
17258
17260
17263
17264
17265
17267
17270
17280
17281
17287
17288
17293
17293
17298
17299
17301
17304
17305
17306
17309
17309
17311
17315
17321
17322
17327
17328
17334
17336
17336
17342
17342
17351
17356
17361
17366
17367
17369
17371
17372
17372
17375
17377
17377
17377
17378
17380
17382
17389
17390
17391
17395
17400
17400
17404
17409
17413
17419
17419
17422
17423
17424
17428
17430
17430
17432
17433
17435
17443
17449
17453
17456
17456
17457
17460
17465
17468
17469
17471
17474
17477
17488
17492
17498
17507
17511
17513
17513
17516
17519
17520
17523
17529
17532
17544
17549
17555
17556
17557
17559
17560
17561
17568
17571
17575
17576
17577
17583
17583
17584
17584
17588
17589
17593
17596
17597
17601
17603
17603
17607
17608
17612
17613
17613
17619
17621
17623
17630
17633
17639
17642
17644
17644
17644
17653
17655
17656
17656
17657
17660
17661
17665
17666
17671
17675
17679
17681
17682
17683
17684
17686
17689
17690
17697
17699
17703
17705
17707
17709
17715
17716
17718
17728
17744
17751
17760
17762
17766
17766
17772
17772
17774
17776
17780
17781
17786
17794
17797
17807
17807
17813
17824
17829
17829
17833
17835
17836
17840
17842
17845
17849
17850
17853
17854
17858
17858
17862
17862
17863
17865
17871
17872
17875
17876
17878
17884
17886
17887
17888
17889
17891
17897
17903
17904
17915
17916
17925
17926
17927
17934
17934
17937
17937
17941
17947
17948
17950
17957
17963
17964
17970
17972
17979
17979
17979
17986
17987
17988
17989
17990
18000
18002
18006
18018
18018
18019
18041
18043
18043
18044
18050
18050
18052
18052
18053
18055
18069
18075
18078
18081
18086
18091
18092
18094
18096
18097
18099
18099
18101
18102
18103
18104
18105
18109
18110
18112
18121
18127
18128
18129
18130
18130
18131
18140
18142
18149
18151
18161
18163
18165
18171
18179
18180
18181
18184
18187
18188
18195
18197
18199
18200
18204
18204
18206
18207
18208
18212
18215
18215
18216
18219
18219
18221
18221
18227
18229
18231
18232
18233
18233
18236
18238
18248
18249
18253
18253
18259
18259
18265
18265
18267
18272
18279
18282
18283
18287
18289
18289
18290
18292
18294
18294
18295
18298
18299
18304
18306
18312
18312
18318
18319
18321
18321
18324
18324
18331
18336
18337
18339
18341
18344
18345
18349
18352
18357
18360
18363
18375
18376
18377
18377
18377
18385
18389
18398
18399
18403
18404
18410
18412
18414
18426
18429
18433
18437
18437
18438
18438
18438
18438
18439
18446
18452
18454
18454
18455
18455
18456
18458
18463
18464
18467
18467
18470
18478
18485
18485
18487
18496
18498
18500
18501
18501
18502
18503
18507
18511
18517
18518
18520
18523
18542
18545
18547
18549
18554
18555
18556
18558
18558
18561
18562
18566
18566
18572
18574
18576
18579
18588
18588
18589
18590
18592
18594
18599
18600
18603
18607
18607
18610
18612
18621
18621
18623
18625
18626
18628
18630
18631
18631
18634
18640
18642
18644
18645
18652
18652
18654
18656
18665
18671
18672
18676
18679
18683
18691
18692
18707
18709
18713
18714
18714
18717
18718
18720
18721
18723
18724
18724
18727
18727
18729
18732
18734
18738
18739
18744
18746
18748
18752
18753
18754
18759
18759
18766
18767
18769
18772
18775
18779
18779
18780
18784
18785
18789
18789
18804
18805
18805
18806
18807
18811
18811
18812
18813
18819
18821
18826
18828
18836
18837
18839
18839
18842
18844
18846
18846
18847
18849
18857
18864
18864
18875
18876
18879
18883
18883
18888
18889
18893
18899
18900
18906
18911
18918
18926
18934
18936
18936
18937
18939
18941
18943
18944
18955
18956
18958
18961
18964
18971
18973
18973
18975
18976
18979
18979
18981
18991
18994
18995
19001
19001
19001
19003
19019
19019
19022
19023
19024
19033
19037
19048
19052
19058
19064
19065
19067
19073
19076
19077
19077
19077
19080
19080
19080
19081
19085
19087
19088
19092
19094
19098
19099
19107
19109
19109
19113
19114
19115
19123
19125
19128
19129
19130
19135
19136
19137
19140
19146
19147
19164
19172
19175
19177
19179
19180
19180
19180
19183
19183
19191
19192
19204
19205
19205
19206
19218
19223
19225
19227
19228
19229
19229
19231
19246
19250
19255
19255
19256
19258
19260
19262
19263
19264
19264
19266
19267
19268
19268
19269
19275
19283
19284
19285
19287
19290
19290
19290
19291
19296
19301
19302
19306
19307
19312
19325
19327
19332
19336
19336
19342
19343
19345
19351
19353
19354
19356
19369
19369
19370
19372
19373
19383
19388
19388
19398
19400
19404
19414
19415
19417
19422
19423
19425
19429
19433
19439
19441
19441
19447
19449
19450
19450
19451
19451
19454
19456
19456
19460
19464
19467
19475
19478
19485
19490
19490
19493
19497
19503
19503
19506
19510
19512
19513
19517
19517
19519
19520
19523
19525
19526
19527
19533
19538
19546
19549
19549
19552
19553
19558
19562
19567
19568
19575
19580
19580
19585
19585
19588
19589
19590
19599
19606
19607
19611
19611
19612
19616
19620
19624
19624
19626
19628
19631
19640
19642
19646
19653
19669
19675
19679
19685
19687
19687
19690
19692
19700
19712
19713
19721
19725
19733
19747
19753
19756
19766
19768
19771
19773
19779
19779
19781
19781
19789
19790
19792
19797
19801
19801
19802
19803
19804
19806
19813
19818
19823
19825
19835
19837
19839
19842
19845
19856
19856
19860
19869
19872
19877
19877
19877
19891
19903
19904
19910
19911
19911
19911
19912
19912
19913
19914
19918
19919
19921
19924
19932
19934
19935
19935
19936
19941
19941
19946
19947
19947
19961
19964
19974
19975
19976
19978
19982
19986
19991
19994
19999
20002
20007
20015
20016
20018
20025
20036
20042
20043
20049
20051
20052
20055
20058
20061
20063
20063
20068
20071
20071
20080
20084
20087
20101
20101
20102
20107
20108
20113
20114
20117
20131
20137
20137
20139
20139
20144
20145
20149
20151
20153
20153
20158
20160
20164
20167
20169
20172
20175
20179
20184
20190
20192
20194
20194
20198
20199
20201
20202
20205
20207
20207
20214
20225
20225
20229
20233
20234
20234
20242
20244
20246
20252
20253
20259
20263
20272
20274
20277
20277
20282
20286
20301
20303
20305
20312
20312
20312
20317
20325
20327
20329
20333
20335
20339
20340
20341
20343
20345
20346
20347
20347
20352
20353
20359
20360
20362
20363
20365
20373
20377
20380
20383
20383
20386
20388
20389
20399
20401
20401
20404
20406
20408
20410
20416
20420
20423
20425
20425
20425
20426
20427
20431
20433
20434
20434
20434
20435
20459
20461
20463
20469
20470
20471
20477
20477
20478
20480
20483
20484
20486
20488
20494
20495
20498
20502
20502
20502
20503
20507
20508
20511
20512
20514
20516
20518
20521
20521
20525
20526
20527
20533
20534
20539
20539
20541
20545
20549
20551
20554
20556
20570
20572
20573
20581
20591
20592
20597
20598
20601
20601
20603
20613
20628
20628
20632
20632
20632
20634
20634
20638
20639
20646
20651
20652
20656
20658
20660
20672
20673
20673
20675
20681
20683
20684
20690
20691
20702
20703
20704
20705
20705
20706
20712
20712
20713
20716
20717
20718
20718
20721
20722
20726
20730
20730
20734
20734
20736
20739
20742
20745
20746
20748
20749
20750
20755
20757
20758
20761
20763
20763
20764
20765
20765
20772
20774
20777
20779
20783
20783
20784
20785
20788
20794
20797
20805
20806
20808
20812
20815
20820
20821
20822
20824
20824
20825
20834
20834
20834
20835
20839
20839
20844
20854
20855
20860
20865
20867
20871
20871
20876
20880
20880
20883
20884
20885
20886
20904
20906
20907
20911
20917
20919
20924
20932
20933
20939
20941
20942
20942
20945
20948
20952
20954
20963
20970
20971
20972
20973
20977
20977
20988
20993
20997
21005
21014
21018
21020
21032
21044
21045
21045
21046
21052
21052
21056
21056
21056
21059
21061
21061
21065
21066
21066
21066
21067
21067
21069
21073
21076
21091
21093
21094
21095
21098
21100
21106
21112
21116
21124
21128
21133
21135
21142
21144
21154
21159
21159
21162
21163
21168
21173
21175
21177
21178
21187
21194
21195
21198
21199
21204
21205
21209
21211
21215
21216
21220
21224
21227
21228
21241
21254
21260
21268
21268
21270
21273
21278
21281
21284
21284
21286
21289
21294
21303
21303
21305
21306
21310
21310
21317
21328
21329
21329
21331
21333
21334
21337
21347
21359
21360
21370
21373
21380
21380
21381
21385
21386
21388
21394
21398
21402
21403
21406
21409
21415
21419
21422
21422
21436
21436
21441
21447
21452
21462
21463
21463
21464
21465
21469
21475
21477
21484
21487
21488
21490
21496
21497
21508
21509
21510
21510
21513
21517
21523
21526
21529
21532
21534
21536
21543
21543
21544
21555
21557
21560
21561
21562
21562
21567
21571
21573
21578
21581
21582
21583
21585
21590
21602
21605
21609
21610
21612
21613
21618
21620
21626
21633
21633
21634
21635
21642
21645
21646
21648
21650
21651
21651
21653
21653
21671
21672
21673
21675
21681
21681
21687
21690
21690
21691
21695
21701
21703
21706
21707
21708
21709
21715
21717
21718
21718
21720
21722
21733
21733
21733
21736
21740
21743
21744
21744
21745
21750
21750
21750
21752
21753
21754
21758
21759
21759
21762
21763
21764
21767
21773
21774
21776
21777
21784
21798
21800
21807
21811
21812
21814
21818
21819
21822
21830
21836
21840
21841
21842
21851
21853
21860
21864
21870
21871
21873
21883
21884
21888
21897
21898
21899
21907
21909
21911
21922
21924
21930
21930
21931
21933
21934
21935
21935
21935
21936
21937
21943
21950
21952
21960
21961
21967
21967
21968
21971
21971
21972
21975
21979
21981
21981
21983
21983
21985
21992
21995
21995
21996
21997
21999
22003
22008
22014
22020
22020
22020
22021
22023
22028
22030
22032
22033
22034
22039
22042
22043
22046
22047
22054
22057
22058
22059
22060
22064
22065
22069
22070
22072
22072
22073
22074
22074
22075
22075
22078
22083
22084
22089
22091
22092
22095
22101
22103
22104
22105
22113
22114
22119
22122
22123
22126
22133
22136
22136
22137
22138
22141
22148
22155
22167
22169
22170
22174
22174
22174
22176
22182
22185
22186
22189
22189
22192
22202
22203
22204
22207
22208
22208
22214
22216
22223
22223
22227
22230
22234
22239
22240
22243
22249
22250
22252
22253
22260
22260
22261
22261
22271
22274
22280
22281
22299
22307
22308
22315
22317
22322
22324
22328
22337
22342
22343
22343
22346
22346
22348
22349
22357
22360
22381
22382
22385
22390
22398
22403
22403
22406
22409
22413
22415
22416
22421
22427
22441
22443
22444
22448
22448
22453
22453
22453
22454
22456
22460
22463
22464
22466
22470
22470
22475
22476
22477
22477
22479
22481
22485
22490
22490
22491
22493
22494
22495
22500
22504
22508
22509
22509
22509
22513
22523
22524
22524
22525
22530
22533
22535
22538
22544
22554
22558
22559
22562
22564
22565
22572
22584
22585
22592
22600
22602
22605
22606
22608
22612
22614
22617
22620
22621
22624
22624
22634
22637
22639
22640
22642
22644
22648
22648
22649
22651
22653
22653
22654
22656
22662
22662
22662
22666
22668
22668
22670
22671
22671
22682
22686
22692
22695
22696
22699
22700
22701
22705
22709
22710
22714
22715
22717
22720
22722
22724
22729
22729
22729
22732
22732
22732
22733
22739
22742
22743
22753
22769
22769
22775
22776
22776
22777
22779
22780
22781
22783
22793
22796
22796
22797
22798
22798
22799
22803
22803
22804
22805
22806
22810
22818
22822
22822
22829
22835
22839
22850
22854
22855
22856
22859
22861
22862
22866
22867
22868
22870
22876
22876
22877
22877
22878
22878
22880
22882
22882
22886
22887
22888
22888
22889
22889
22894
22902
22904
22908
22909
22910
22912
22913
22913
22914
22917
22922
22952
22953
22956
22957
22960
22960
22960
22965
22968
22970
22974
22978
22978
22982
22984
22985
22989
22998
23001
23001
23005
23007
23007
23008
23011
23023
23027
23037
23040
23044
23045
23052
23054
23057
23058
23058
23065
23067
23067
23070
23072
23073
23074
23075
23077
23083
23090
23094
23097
23099
23100
23101
23102
23103
23104
23107
23107
23110
23115
23117
23121
23127
23128
23137
23137
23138
23139
23141
23141
23154
23161
23166
23169
23174
23174
23176
23191
23193
23199
23200
23203
23204
23210
23212
23216
23217
23217
23217
23221
23222
23222
23226
23229
23230
23232
23233
23236
23243
23243
23243
23244
23248
23252
23253
23255
23257
23257
23258
23272
23276
23283
23288
23288
23297
23301
23304
23305
23314
23318
23325
23327
23331
23334
23334
23338
23346
23346
23347
23347
23349
23352
23356
23358
23363
23363
23363
23365
23367
23367
23370
23376
23379
23382
23385
23388
23389
23391
23392
23394
23398
23401
23405
23415
23417
23420
23424
23427
23427
23430
23433
23434
23435
23435
23437
23444
23452
23460
23462
23463
23464
23465
23469
23472
23473
23475
23480
23480
23484
23490
23490
23495
23496
23497
23500
23505
23508
23516
23520
23526
23526
23529
23530
23531
23534
23535
23536
23537
23537
23541
23559
23560
23567
23568
23569
23570
23570
23572
23580
23582
23588
23589
23593
23593
23595
23597
23605
23609
23610
23612
23613
23616
23624
23630
23635
23638
23639
23646
23648
23649
23664
23664
23667
23669
23674
23674
23677
23678
23679
23681
23686
23688
23691
23691
23694
23697
23702
23702
23703
23703
23704
23708
23709
23709
23710
23710
23713
23715
23715
23718
23720
23725
23729
23729
23730
23742
23747
23750
23753
23757
23759
23760
23764
23764
23764
23766
23766
23768
23770
23771
23776
23780
23783
23793
23794
23798
23803
23804
23808
23812
23813
23813
23816
23816
23819
23820
23821
23823
23825
23829
23833
23833
23842
23846
23846
23851
23861
23876
23892
23894
23903
23903
23906
23910
23914
23915
23917
23924
23926
23928
23929
23930
23931
23945
23951
23951
23951
23952
23955
23958
23964
23973
23973
23974
23982
23987
23991
23994
24000
24001
24003
24003
24004
24010
24015
24019
24020
24023
24023
24027
24035
24037
24043
24046
24047
24055
24056
24062
24066
24068
24072
24073
24077
24079
24079
24080
24082
24085
24091
24091
24092
24099
24101
24107
24111
24113
24115
24117
24118
24123
24124
24126
24130
24132
24132
24134
24139
24141
24146
24146
24157
24159
24163
24165
24171
24173
24174
24181
24183
24186
24188
24190
24192
24193
24195
24197
24198
24201
24205
24208
24214
24214
24223
24225
24231
24237
24238
24240
24242
24242
24245
24253
24255
24264
24270
24277
24283
24286
24290
24294
24296
24299
24300
24309
24310
24318
24323
24326
24326
24329
24331
24332
24335
24337
24337
24345
24347
24350
24351
24352
24358
24358
24360
24368
24376
24377
24379
24379
24385
24388
24388
24389
24390
24391
24399
24400
24401
24401
24401
24401
24404
24406
24406
24411
24412
24413
24415
24425
24427
24430
24430
24433
24437
24443
24446
24459
24461
24461
24463
24467
24473
24484
24486
24489
24493
24496
24497
24505
24506
24508
24512
24512
24517
24519
24519
24524
24536
24541
24541
24545
24548
24550
24551
24552
24554
24562
24568
24568
24568
24572
24575
24578
24578
24586
24589
24589
24591
24596
24596
24598
24598
24600
24600
24604
24608
24611
24614
24619
24619
24628
24630
24631
24632
24633
24637
24642
24644
24647
24649
24654
24657
24667
24668
24670
24674
24675
24678
24681
24687
24688
24691
24694
24695
24697
24700
24700
24700
24701
24705
24706
24708
24709
24716
24718
24727
24731
24732
24735
24736
24737
24737
24738
24749
24751
24755
24761
24762
24765
24766
24771
24771
24772
24775
24776
24777
24785
24793
24796
24799
24800
24802
24803
24804
24805
24807
24808
24811
24813
24819
24824
24832
24833
24834
24836
24837
24842
24842
24844
24845
24849
24851
24852
24859
24861
24872
24878
24878
24882
24882
24883
24886
24887
24887
24894
24894
24896
24897
24898
24899
24899
24900
24913
24915
24918
24919
24921
24927
24927
24928
24931
24936
24939
24941
24949
24950
24958
24968
24971
24972
24973
24973
24973
24974
24981
24982
24984
24987
24987
24988
24989
24989
24992
24994
24994
25000
25003
25004
25005
25009
25013
25016
25018
25019
25023
25024
25025
25026
25031
25033
25036
25038
25039
25046
25051
25057
25058
25059
25059
25061
25068
25074
25077
25083
25095
25096
25098
25099
25099
25105
25113
25114
25115
25117
25118
25131
25138
25138
25140
25141
25144
25146
25152
25152
25163
25172
25173
25174
25176
25182
25185
25187
25188
25189
25191
25195
25196
25199
25204
25208
25208
25212
25214
25214
25218
25218
25220
25226
25228
25236
25237
25238
25239
25240
25244
25244
25246
25258
25259
25262
25262
25266
25271
25278
25283
25283
25284
25290
25290
25298
25306
25309
25309
25314
25315
25317
25317
25318
25319
25320
25325
25327
25328
25340
25341
25344
25347
25349
25351
25352
25354
25354
25355
25356
25357
25360
25377
25378
25382
25382
25387
25389
25394
25395
25399
25400
25408
25409
25409
25413
25415
25415
25422
25428
25431
25434
25446
25448
25450
25453
25453
25457
25458
25459
25479
25480
25481
25486
25486
25489
25502
25506
25506
25509
25511
25517
25518
25520
25521
25523
25524
25530
25533
25534
25536
25538
25541
25543
25544
25552
25552
25553
25553
25557
25557
25558
25563
25568
25568
25570
25574
25577
25577
25577
25578
25587
25588
25594
25610
25620
25624
25629
25631
25636
25637
25638
25643
25643
25646
25648
25649
25651
25651
25651
25653
25656
25658
25660
25663
25664
25675
25677
25678
25683
25684
25690
25692
25694
25708
25710
25710
25720
25723
25724
25740
25743
25744
25756
25759
25762
25770
25773
25779
25782
25787
25788
25791
25794
25795
25799
25801
25805
25806
25808
25811
25816
25820
25820
25826
25827
25830
25833
25838
25838
25845
25846
25848
25849
25850
25851
25858
25867
25867
25876
25882
25884
25885
25893
25897
25898
25900
25901
25902
25902
25906
25909
25920
25920
25920
25922
25926
25929
25936
25936
25945
25952
25955
25956
25959
25960
25975
25975
25976
25993
25996
25997
26000
26006
26006
26009
26009
26009
26014
26016
26023
26026
26027
26029
26031
26045
26047
26048
26049
26052
26057
26058
26067
26069
26071
26072
26072
26085
26086
26088
26098
26098
26110
26112
26119
26123
26124
26127
26129
26134
26138
26139
26140
26146
26150
26154
26162
26162
26166
26170
26170
26170
26180
26180
26187
26188
26189
26194
26220
26238
26242
26244
26245
26246
26246
26253
26256
26257
26259
26260
26265
26268
26271
26272
26279
26280
26287
26297
26299
26307
26312
26319
26321
26321
26321
26324
26325
26325
26325
26331
26342
26345
26348
26355
26361
26361
26362
26364
26371
26372
26375
26380
26381
26381
26382
26383
26383
26383
26383
26385
26388
26388
26389
26392
26393
26394
26395
26400
26402
26410
26412
26414
26414
26415
26416
26418
26423
26424
26429
26429
26434
26435
26446
26447
26449
26450
26450
26451
26456
26457
26459
26466
26481
26486
26488
26492
26496
26508
26508
26510
26514
26516
26517
26519
26521
26521
26524
26527
26540
26541
26541
26545
26545
26545
26548
26550
26551
26551
26551
26552
26554
26554
26562
26565
26567
26568
26568
26572
26573
26579
26582
26585
26585
26586
26592
26596
26597
26601
26608
26612
26614
26614
26616
26629
26638
26639
26639
26645
26649
26649
26656
26656
26659
26667
26669
26673
26678
26693
26694
26697
26698
26700
26700
26701
26702
26706
26707
26710
26720
26720
26720
26721
26721
26723
26726
26731
26736
26737
26739
26739
26740
26746
26748
26752
26752
26754
26754
26755
26756
26761
26762
26772
26772
26772
26774
26774
26777
26777
26782
26783
26784
26784
26786
26787
26788
26790
26791
26791
26802
26810
26813
26813
26816
26816
26818
26818
26819
26823
26828
26828
26831
26832
26841
26844
26850
26857
26858
26873
26881
26885
26886
26887
26892
26894
26894
26905
26908
26919
26920
26920
26926
26929
26929
26930
26932
26947
26947
26949
26950
26952
26952
26953
26953
26957
26960
26960
26961
26962
26965
26970
26970
26973
26974
26975
26977
26977
26980
26981
26982
26983
26985
26986
26987
26989
26990
26997
26999
27002
27004
27005
27005
27008
27012
27017
27018
27019
27024
27024
27025
27027
27032
27033
27035
27035
27038
27048
27054
27054
27057
27061
27061
27063
27065
27071
27075
27075
27081
27087
27089
27093
27094
27094
27095
27102
27109
27111
27112
27112
27112
27121
27122
27123
27125
27127
27130
27130
27136
27136
27139
27140
27144
27144
27146
27149
27152
27157
27164
27166
27175
27188
27189
27189
27192
27201
27207
27211
27212
27216
27216
27216
27217
27221
27223
27228
27230
27230
27234
27238
27239
27240
27245
27245
27254
27256
27256
27262
27264
27265
27267
27267
27268
27269
27274
27277
27278
27282
27284
27286
27289
27290
27303
27306
27307
27313
27314
27318
27320
27323
27324
27333
27335
27336
27338
27341
27341
27342
27342
27343
27345
27345
27347
27353
27354
27354
27355
27358
27363
27364
27366
27369
27382
27383
27386
27391
27392
27396
27405
27405
27406
27408
27409
27411
27411
27416
27416
27417
27419
27425
27426
27427
27427
27433
27440
27443
27443
27445
27447
27457
27466
27467
27471
27472
27474
27475
27479
27479
27480
27481
27481
27483
27483
27484
27492
27493
27493
27494
27495
27504
27505
27505
27516
27517
27527
27533
27535
27538
27538
27550
27552
27553
27553
27554
27554
27556
27558
27562
27564
27565
27567
27570
27573
27575
27576
27577
27586
27589
27590
27592
27595
27596
27600
27606
27609
27612
27612
27627
27628
27631
27636
27642
27643
27644
27646
27647
27649
27649
27650
27653
27657
27660
27663
27669
27673
27676
27680
27684
27701
27701
27701
27702
27714
27715
27715
27718
27722
27728
27728
27735
27738
27745
27746
27746
27753
27757
27757
27759
27759
27760
27763
27763
27764
27765
27768
27774
27775
27776
27789
27793
27795
27796
27796
27801
27802
27820
27822
27823
27830
27833
27836
27843
27847
27855
27858
27865
27870
27870
27870
27872
27877
27881
27890
27892
27893
27896
27900
27907
27909
27920
27920
27927
27931
27937
27937
27949
27950
27958
27958
27961
27971
27973
27974
27979
27979
27991
27991
27995
27996
28000
28003
28004
28010
28014
28014
28014
28019
28021
28028
28029
28030
28035
28039
28040
28045
28048
28048
28079
28081
28084
28091
28094
28097
28098
28100
28106
28114
28117
28120
28120
28127
28128
28130
28130
28135
28136
28141
28142
28143
28147
28149
28149
28150
28155
28157
28159
28163
28166
28167
28167
28171
28174
28178
28181
28189
28191
28192
28193
28193
28195
28198
28202
28203
28203
28204
28204
28206
28206
28207
28208
28214
28228
28229
28235
28237
28240
28243
28246
28247
28259
28260
28260
28261
28263
28269
28270
28272
28276
28280
28284
28287
28298
28299
28306
28307
28310
28315
28318
28319
28321
28322
28323
28326
28328
28331
28336
28339
28343
28345
28347
28354
28361
28370
28380
28389
28391
28393
28396
28397
28401
28403
28403
28403
28404
28408
28410
28412
28413
28413
28420
28421
28422
28427
28430
28430
28434
28435
28435
28437
28438
28438
28445
28446
28452
28453
28457
28457
28460
28460
28461
28462
28465
28472
28474
28475
28476
28477
28482
28482
28485
28486
28487
28489
28489
28490
28493
28498
28500
28506
28509
28515
28516
28516
28520
28520
28525
28527
28529
28539
28540
28546
28557
28565
28571
28581
28585
28590
28594
28596
28596
28599
28599
28603
28605
28606
28609
28609
28612
28613
28617
28618
28624
28632
28637
28641
28643
28650
28651
28654
28655
28655
28656
28658
28661
28671
28676
28680
28682
28684
28684
28686
28687
28688
28688
28693
28693
28694
28694
28695
28698
28700
28703
28703
28712
28716
28720
28723
28725
28726
28732
28734
28735
28737
28737
28739
28743
28747
28749
28749
28752
28757
28757
28771
28776
28777
28792
28795
28797
28799
28802
28803
28804
28805
28805
28819
28822
28822
28825
28831
28831
28837
28839
28844
28846
28847
28857
28858
28858
28868
28876
28876
28883
28893
28894
28895
28897
28901
28902
28902
28903
28903
28905
28913
28914
28914
28918
28920
28920
28921
28924
28933
28933
28935
28935
28937
28943
28947
28948
28958
28958
28959
28961
28969
28976
28976
28978
28985
28988
28989
28991
28992
28993
28993
29001
29003
29007
29013
29014
29019
29024
29025
29039
29042
29043
29048
29049
29051
29052
29055
29055
29061
29063
29064
29067
29070
29072
29072
29075
29076
29076
29076
29078
29079
29084
29088
29090
29093
29093
29093
29094
29094
29097
29098
29100
29100
29101
29102
29104
29105
29115
29115
29118
29120
29122
29124
29127
29128
29129
29135
29138
29139
29140
29142
29144
29145
29147
29153
29156
29159
29160
29164
29172
29174
29178
29179
29182
29184
29185
29192
29193
29196
29202
29202
29204
29205
29205
29206
29207
29209
29214
29217
29218
29219
29223
29224
29225
29227
29230
29234
29235
29237
29237
29247
29250
29254
29261
29266
29274
29278
29296
29296
29296
29296
29298
29298
29300
29302
29310
29311
29315
29316
29316
29317
29320
29320
29325
29329
29336
29340
29341
29342
29346
29349
29349
29350
29352
29353
29359
29363
29365
29368
29370
29373
29375
29384
29384
29387
29393
29395
29397
29401
29401
29402
29406
29414
29419
29419
29422
29426
29429
29438
29442
29442
29443
29445
29449
29460
29462
29463
29467
29469
29471
29475
29477
29478
29479
29479
29480
29487
29490
29495
29498
29508
29508
29511
29512
29512
29515
29515
29517
29517
29518
29519
29520
29523
29526
29534
29535
29535
29545
29546
29547
29548
29554
29555
29561
29566
29567
29568
29575
29579
29583
29584
29584
29585
29587
29596
29597
29597
29608
29608
29609
29611
29612
29615
29616
29619
29625
29626
29626
29631
29638
29643
29652
29654
29661
29663
29664
29665
29665
29668
29671
29678
29684
29684
29686
29686
29689
29696
29698
29701
29701
29702
29710
29712
29714
29717
29724
29724
29726
29726
29729
29733
29733
29737
29748
29749
29750
29752
29753
29755
29755
29756
29758
29761
29765
29765
29766
29766
29770
29772
29775
29775
29779
29790
29800
29801
29801
29803
29813
29814
29815
29818
29825
29827
29828
29832
29836
29837
29842
29843
29853
29855
29860
29861
29865
29866
29868
29868
29870
29871
29875
29881
29884
29885
29906
29907
29908
29914
29914
29915
29915
29915
29919
29927
29927
29928
29929
29932
29935
29935
29942
29942
29946
29948
29951
29952
29964
29965
29970
29972
29972
29973
29973
29975
29983
29988
29991
29991
29991
29992
29994
30001
30001
30002
30005
30008
30023
30025
30030
30030
30032
30034
30035
30040
30041
30045
30045
30052
30052
30053
30057
30062
30064
30066
30070
30071
30071
30072
30075
30075
30078
30078
30081
30083
30090
30090
30095
30097
30098
30103
30104
30110
30111
30113
30124
30128
30129
30139
30139
30141
30145
30148
30156
30159
30165
30169
30174
30178
30179
30182
30183
30183
30184
30188
30188
30189
30192
30195
30195
30205
30211
30214
30220
30221
30222
30233
30235
30239
30239
30244
30257
30263
30276
30288
30295
30295
30296
30298
30299
30301
30309
30313
30316
30320
30324
30324
30331
30333
30336
30339
30342
30348
30352
30354
30354
30360
30360
30365
30365
30366
30367
30373
30375
30377
30385
30387
30387
30390
30392
30393
30396
30406
30410
30410
30411
30416
30417
30420
30421
30425
30425
30425
30436
30436
30467
30468
30469
30472
30479
30479
30480
30484
30487
30488
30492
30498
30504
30506
30507
30508
30509
30524
30527
30528
30529
30536
30538
30540
30549
30550
30551
30551
30552
30555
30555
30556
30565
30571
30572
30576
30580
30585
30587
30588
30590
30594
30594
30600
30603
30603
30609
30611
30614
30614
30617
30618
30623
30628
30632
30639
30644
30647
30648
30665
30673
30674
30688
30689
30692
30698
30704
30704
30704
30706
30706
30721
30722
30723
30723
30726
30728
30730
30733
30737
30741
30746
30747
30749
30752
30754
30755
30759
30765
30768
30770
30771
30773
30776
30782
30787
30788
30790
30796
30797
30798
30799
30800
30804
30805
30807
30809
30816
30816
30816
30818
30818
30821
30825
30825
30830
30830
30836
30846
30849
30849
30852
30859
30861
30862
30862
30864
30868
30875
30876
30878
30879
30880
30881
30884
30884
30887
30912
30913
30914
30915
30922
30922
30922
30924
30924
30927
30929
30934
30935
30935
30937
30939
30941
30943
30944
30945
30947
30948
30955
30956
30957
30959
30960
30961
30962
30972
30975
30975
30976
30978
30979
30982
30985
30986
30987
30989
30990
30990
30992
30995
31002
31002
31003
31005
31010
31011
31013
31014
31016
31020
31021
31023
31023
31029
31029
31032
31032
31034
31037
31045
31047
31053
31055
31062
31066
31066
31068
31069
31071
31081
31082
31086
31094
31099
31100
31101
31101
31102
31104
31104
31106
31107
31108
31110
31110
31111
31111
31114
31116
31119
31122
31128
31135
31135
31139
31139
31140
31142
31142
31147
31150
31153
31154
31156
31161
31162
31164
31167
31170
31173
31176
31180
31182
31192
31194
31194
31195
31205
31207
31211
31216
31219
31226
31228
31229
31231
31231
31231
31233
31235
31238
31242
31246
31250
31252
31255
31255
31257
31258
31259
31267
31268
31272
31275
31279
31281
31281
31283
31289
31292
31293
31294
31295
31297
31297
31301
31303
31305
31307
31309
31325
31326
31332
31335
31336
31337
31337
31339
31344
31345
31351
31353
31353
31356
31357
31360
31362
31366
31366
31368
31371
31374
31378
31378
31379
31391
31392
31397
31398
31406
31412
31415
31415
31417
31424
31425
31429
31429
31439
31445
31445
31458
31459
31460
31460
31462
31465
31467
31475
31475
31477
31479
31481
31488
31489
31489
31490
31494
31494
31494
31508
31511
31514
31520
31523
31528
31532
31533
31534
31534
31536
31537
31541
31542
31545
31551
31555
31557
31559
31560
31561
31562
31562
31566
31567
31567
31569
31579
31580
31581
31583
31587
31594
31595
31596
31597
31601
31602
31602
31603
31603
31607
31607
31608
31609
31612
31613
31613
31615
31619
31624
31628
31633
31637
31638
31643
31646
31646
31646
31647
31651
31655
31656
31656
31660
31663
31663
31663
31668
31669
31676
31677
31680
31682
31683
31684
31685
31688
31690
31692
31694
31694
31698
31700
31703
31705
31707
31710
31713
31715
31718
31731
31731
31736
31736
31739
31745
31747
31749
31758
31762
31762
31765
31769
31770
31775
31778
31783
31786
31795
31796
31801
31805
31805
31807
31808
31809
31810
31810
31810
31814
31817
31818
31819
31819
31822
31823
31830
31830
31832
31833
31835
31839
31841
31842
31843
31848
31849
31853
31854
31854
31859
31860
31860
31860
31861
31864
31868
31871
31874
31878
31880
31883
31886
31894
31896
31897
31901
31903
31905
31909
31911
31913
31916
31920
31923
31924
31925
31928
31930
31931
31939
31939
31942
31943
31946
31946
31948
31952
31956
31961
31963
31965
31967
31967
31968
31968
31969
31970
31971
31971
31972
31973
31976
31977
31991
31997
32001
32004
32005
32015
32018
32018
32020
32023
32026
32027
32033
32040
32054
32056
32056
32057
32065
32072
32076
32083
32084
32084
32084
32088
32094
32097
32099
32101
32104
32104
32104
32108
32116
32119
32119
32127
32137
32138
32140
32143
32145
32147
32149
32152
32159
32162
32168
32169
32173
32177
32177
32178
32190
32192
32203
32206
32210
32212
32216
32216
32220
32227
32233
32237
32245
32249
32249
32250
32251
32252
32264
32271
32275
32280
32281
32282
32283
32284
32294
32294
32297
32300
32305
32306
32311
32314
32314
32315
32324
32325
32327
32331
32333
32333
32334
32338
32339
32346
32348
32356
32358
32358
32359
32359
32362
32362
32365
32371
32375
32375
32378
32382
32386
32387
32388
32396
32401
32401
32402
32417
32417
32429
32430
32432
32434
32436
32437
32443
32447
32449
32450
32450
32452
32452
32453
32458
32459
32460
32462
32465
32472
32473
32480
32489
32496
32496
32497
32497
32498
32500
32502
32502
32506
32508
32510
32510
32510
32514
32516
32516
32518
32519
32521
32527
32527
32534
32535
32543
32545
32545
32548
32548
32550
32551
32558
32561
32563
32566
32567
32568
32574
32581
32582
32583
32584
32586
32587
32593
32595
32596
32597
32598
32598
32606
32606
32608
32613
32613
32618
32620
32622
32624
32625
32626
32628
32631
32631
32633
32636
32640
32646
32646
32653
32654
32655
32657
32657
32659
32660
32662
32664
32667
32672
32673
32676
32677
32682
32689
32689
32691
32691
32698
32704
32706
32713
32714
32717
32722
32726
32733
32738
32739
32740
32743
32746
32755
32756
32756
32756
32761
32762
32765